--------------------------------------------------------------------------------
|Slot Ch              FP                      PP           ||                  |
|              A      B  Err   R       A      B  Err   R   ||                  |
| 0   01     523     23    0  22       0      0    0   0   ||                  |
| 1   05       0      0    0   9       0      0    0   0   ||                  |
| 2   00       0      0    0   0       0      0    0   0   ||                  |
| 3   00       0      0    0   0       0      0    0   0   ||                  |
| 4   00       0      0    0   0       0      0    0   0   ||                  |
| 5   09       0      0    0   0       0      0    0   0   ||                  |
| 6   00       0      0    0   0       0      0    0   0   ||                  |
| 7   00       0      0    0   0       0      0    0   0   ||                  |
| 8   00       0      0    0   0       0      0    0   0   ||                  |
| 9   00       0      0    0   0       0      0    0   0   ||                  |
|10   00       0      0    0   0       0      0    0   0   ||                  |
|11   00       0      0    0   0       0      0    0   0   ||                  |
|12   00       0      0    0   0       0      0    0   0   ||                  |
|                                                          ||                  |
|                                                          ||                  |
|                                                          ||                  |
|                                                          ||                  |
------------------------------------------------------------|                  |
|-----------------------------------------------------------|                  |
|                                                           |                  |
|                                                           |                  |
--------------------------------------------------------------------------------
